10[10] 26[5] 6[7] 45[10] -1 16[5] 32[6] 47[1] -1 39[5] -1 -2 SUtility:49
16[7] 13[9] -1 38[9] -1 19[10] 20[8] -1 24[8] 39[7] 35[7] -1 33[7] -1 -2 SUtility:72
48[7] 40[7] 19[1] 47[1] 8[8] 7[9] 7[1] 35[4] -1 -2 SUtility:38
4[10] 7[10] 6[3] 44[1] 20[8] 29[10] 41[6] -1 42[2] -1 -2 SUtility:50
10[7] 11[9] 47[8] 14[1] -1 -2 SUtility:25
32[6] 27[5] 5[6] -1 34[2] 2[9] 46[9] -1 3[8] -1 22[7] -1 33[9] 9[4] 37[10] -1 -2 SUtility:75
1[8] 33[1] 11[10] 18[2] 35[6] 15[9] 48[6] 38[8] -1 31[3] 3[8] 5[3] -1 -2 SUtility:64
13[6] -1 46[10] 12[2] -1 31[8] 14[7] -1 14[3] -1 2[6] 12[9] -1 16[1] -1 38[1] -1 -2 SUtility:53
46[4] 20[3] -1 1[9] 8[2] -1 34[3] 2[1] 43[5] 12[4] 36[7] -1 45[7] 41[7] -1 -2 SUtility:52
37[5] 41[6] 10[2] 34[8] 6[8] -1 -2 SUtility:29
4[10] -1 1[8] 31[10] -1 7[5] -1 10[8] 20[2] 5[9] 38[3] -1 -2 SUtility:55
33[5] 16[8] 10[1] -1 -2 SUtility:14
7[4] -1 9[7] -1 11[1] -1 21[1] 19[7] 8[7] 7[10] 36[10] 3[6] -1 31[10] 9[3] -1 -2 SUtility:66
5[1] 7[9] 7[3] -1 44[6] 15[5] 3[1] 13[9] -1 30[5] -1 37[6] 16[2] -1 -2 SUtility:47
38[5] 49[6] -1 4[5] 50[7] -1 -2 SUtility:23
38[2] 29[9] 7[7] -1 4[10] 18[10] -1 41[7] 16[1] 47[9] 8[1] 24[6] -1 30[1] -1 -2 SUtility:63
36[2] -1 16[6] -1 48[6] 22[6] 49[3] 13[10] -1 -2 SUtility:33
36[3] 15[6] 16[10] -1 41[7] -1 -2 SUtility:26
48[1] 17[10] -1 29[8] 3[10] 4[7] -1 22[4] -1 17[9] 18[9] -1 29[1] -1 41[7] 47[6] -1 -2 SUtility:72
29[6] -1 45[10] 13[5] 38[9] 30[2] -1 38[6] 49[6] 3[2] 35[4] -1 11[5] -1 -2 SUtility:55
47[9] -1 11[5] 18[7] 24[2] -1 3[1] -1 21[7] -1 39[4] -1 -2 SUtility:35
19[2] -1 7[5] 15[9] -1 40[8] -1 4[5] 5[3] -1 8[2] -1 -2 SUtility:34
11[7] 45[1] -1 35[9] 44[3] 28[8] 15[9] -1 -2 SUtility:37
22[9] -1 39[3] -1 36[2] 13[10] 24[1] 29[4] 40[10] 20[8] 5[2] 13[4] 3[7] 13[1] -1 -2 SUtility:61
5[6] 6[2] 10[9] -1 -2 SUtility:17
45[2] -1 39[1] 12[5] 6[3] 21[10] -1 28[6] -1 43[6] 28[2] 25[2] 50[5] -1 -2 SUtility:42
7[1] 30[5] 33[10] -1 23[10] 42[10] 41[2] 23[4] -1 44[2] -1 49[5] -1 -2 SUtility:49
14[4] 1[5] 16[6] 12[2] 29[9] -1 27[4] 26[9] -1 -2 SUtility:39
15[1] 30[2] 38[4] 2[6] -1 16[3] 4[5] 32[1] 12[2] 48[9] -1 -2 SUtility:33
9[7] 23[5] 18[3] -1 2[2] 39[7] 14[2] 12[3] 20[7] 31[1] -1 -2 SUtility:37
25[5] 5[10] 21[8] -1 30[6] -1 30[10] -1 5[10] 10[8] 36[10] -1 -2 SUtility:67
42[5] 25[4] 8[4] 27[8] 24[8] -1 20[4] 30[9] 1[7] 15[2] -1 -2 SUtility:51
1[8] 13[1] 25[1] -1 32[7] -1 -2 SUtility:17
39[5] 7[1] 47[7] 9[1] 16[6] -1 25[5] -1 30[2] 47[7] -1 -2 SUtility:34
17[4] 17[7] -1 41[4] -1 46[6] -1 3[6] -1 -2 SUtility:27
24[9] 15[8] 8[5] 26[10] -1 13[3] -1 20[7] -1 34[2] 43[10] 32[10] 7[3] 30[5] -1 27[7] -1 -2 SUtility:79
26[5] 25[6] 50[7] 20[3] -1 15[2] 5[7] 24[1] 24[1] 41[3] 38[9] 3[10] -1 -2 SUtility:54
22[1] 7[2] 1[2] -1 -2 SUtility:5
23[2] 34[8] 13[9] 24[5] 48[10] -1 43[7] 14[9] 31[1] 29[5] 4[7] -1 -2 SUtility:63
32[8] 23[1] -1 47[4] -1 50[9] 17[8] 5[3] 7[3] 36[3] -1 -2 SUtility:39
1[9] -1 29[9] -1 13[3] 46[9] 33[2] 13[1] 50[3] -1 -2 SUtility:36
18[7] 44[10] -1 14[5] -1 -2 SUtility:22
10[10] 1[5] -1 23[8] 39[7] 33[5] 45[2] -1 -2 SUtility:37
49[9] 17[1] 38[4] -1 -2 SUtility:14
30[7] 17[8] -1 12[9] -1 28[10] 24[7] -1 -2 SUtility:41
16[10] -1 18[8] -1 14[8] 22[10] -1 22[6] -1 14[9] -1 15[4] 1[10] 40[6] -1 -2 SUtility:71
15[3] 12[9] 30[8] 6[4] -1 5[1] 9[5] 29[10] 40[6] -1 -2 SUtility:46
33[4] -1 18[4] 49[3] 31[8] 3[3] -1 27[7] -1 13[3] 35[3] -1 12[5] -1 -2 SUtility:40
48[8] 2[9] 4[10] 49[3] 35[7] 6[6] -1 11[6] -1 48[1] 47[5] 35[1] 46[5] 10[1] -1 -2 SUtility:62
3[8] -1 14[1] 16[8] 40[3] 18[2] -1 -2 SUtility:22
11[7] 4[5] 15[10] 23[4] 47[4] -1 -2 SUtility:30
8[9] 6[9] -1 36[1] -1 35[1] 19[8] 29[2] 46[3] -1 28[8] 40[1] -1 47[7] -1 37[4] 11[10] -1 -2 SUtility:63
43[10] 34[3] 44[6] 44[9] 41[6] 22[9] 25[4] -1 20[9] 14[8] -1 -2 SUtility:64
44[7] 2[10] 33[4] -1 9[2] 46[1] -1 9[6] 36[8] 17[7] 44[8] 6[1] 29[3] 10[7] -1 -2 SUtility:64
32[8] 6[9] -1 38[10] 23[1] 46[3] 50[6] 7[10] -1 -2 SUtility:47
36[9] 49[6] 5[6] -1 33[3] 35[7] 43[8] 5[5] -1 27[9] 35[10] 3[9] 5[1] -1 -2 SUtility:73
6[10] -1 16[5] 29[9] -1 12[8] 28[5] 20[10] 50[7] 9[5] 47[6] -1 16[8] 49[8] 33[5] -1 -2 SUtility:86
45[8] 13[9] -1 39[7] 28[10] 15[4] 20[10] 37[6] 39[4] -1 43[2] -1 49[8] -1 -2 SUtility:68
23[10] 47[8] -1 2[9] 37[10] 30[6] 16[10] 29[8] 4[5] -1 -2 SUtility:66
19[10] 13[8] 1[1] -1 35[7] 12[3] 6[7] 30[8] 42[5] -1 42[3] -1 8[9] -1 -2 SUtility:61
29[3] 20[9] 30[10] 40[1] 11[2] 15[7] -1 38[7] -1 -2 SUtility:39
42[1] 45[4] -1 32[8] 23[3] 22[10] -1 -2 SUtility:26
44[2] 13[7] -1 13[1] 42[5] 41[2] -1 -2 SUtility:17
16[10] 35[9] 47[6] 17[9] -1 -2 SUtility:34
8[7] 25[4] -1 22[6] 19[3] 26[4] 30[5] -1 24[6] 13[9] -1 24[2] 5[1] 46[7] 5[4] -1 -2 SUtility:58
14[5] 34[5] 40[5] 41[2] 18[2] 17[7] 22[8] -1 11[5] 26[5] -1 -2 SUtility:44
6[8] 35[1] -1 2[5] 34[6] 21[9] -1 19[8] 28[3] 9[10] 17[4] -1 -2 SUtility:54
4[2] 11[7] 31[1] 17[3] 38[6] 4[3] -1 1[2] -1 -2 SUtility:24
39[2] 48[6] 10[5] -1 -2 SUtility:13
22[4] -1 17[4] 23[2] -1 45[5] 11[5] 41[10] -1 2[4] -1 1[7] 17[9] 19[3] 5[4] 16[2] -1 -2 SUtility:59
40[2] 6[3] 42[1] -1 47[2] -1 48[3] 2[2] 42[1] 17[9] -1 28[2] 41[7] 10[10] 36[4] -1 -2 SUtility:46
22[4] -1 23[1] 25[3] 30[3] 28[10] 7[1] -1 1[9] 40[3] -1 21[3] 7[1] -1 -2 SUtility:38
16[1] 20[5] 27[6] -1 -2 SUtility:12
6[3] 47[10] 29[8] 23[7] -1 17[2] -1 7[4] 26[5] -1 -2 SUtility:39
35[5] 38[7] 46[5] 40[2] -1 -2 SUtility:19
32[5] -1 12[3] -1 12[7] 11[3] 28[4] -1 10[9] 31[1] 23[6] 30[4] 1[7] -1 -2 SUtility:49
7[9] 5[3] 26[8] -1 13[3] 19[5] 1[10] -1 29[4] -1 41[9] 47[7] -1 -2 SUtility:58
42[7] 30[5] 14[7] 2[5] 37[4] 8[9] 32[7] 24[10] 29[1] -1 4[7] -1 -2 SUtility:62
38[6] 11[7] 17[6] 22[5] 34[10] 11[6] -1 39[7] -1 31[10] 23[3] -1 21[10] -1 13[3] 9[2] -1 -2 SUtility:75
38[6] 14[7] 6[10] 27[3] 17[7] 10[7] 12[3] -1 30[8] 11[4] 48[2] 49[10] 34[8] -1 -2 SUtility:75
33[7] -1 28[6] -1 37[6] 33[4] 31[2] 23[6] -1 -2 SUtility:31
4[6] 15[4] -1 31[6] 33[6] -1 15[5] -1 37[7] 20[8] 26[9] 22[2] 31[1] 39[2] -1 -2 SUtility:56
24[6] 44[8] 35[7] 24[2] -1 -2 SUtility:23
33[6] -1 44[9] -1 5[8] 17[1] -1 37[6] -1 -2 SUtility:30
23[2] 40[9] 15[3] 13[6] 23[10] 45[6] 36[1] -1 -2 SUtility:37
14[5] 19[10] -1 9[1] 10[8] 24[8] 49[1] -1 9[1] 24[3] 27[7] -1 -2 SUtility:44
38[10] 42[6] -1 40[8] 35[5] 10[7] -1 -2 SUtility:36
16[1] -1 2[5] 21[1] 34[6] -1 33[4] -1 -2 SUtility:17
12[5] 30[2] 41[1] 6[5] 20[2] 36[3] 46[2] 29[10] -1 4[4] 16[9] 6[2] -1 -2 SUtility:45
21[2] 42[2] -1 45[8] -1 34[5] -1 4[8] 21[5] 41[7] -1 -2 SUtility:37
39[9] -1 46[10] -1 7[5] -1 17[10] 27[10] -1 16[2] 41[4] 15[3] 27[8] 44[2] -1 -2 SUtility:63
39[8] -1 33[6] 41[8] 33[6] 46[6] 32[5] 42[9] 16[5] -1 -2 SUtility:53
48[7] 49[10] 2[7] 37[8] -1 35[8] 23[5] 33[5] 32[10] 11[6] 24[7] 30[3] -1 43[4] -1 -2 SUtility:80
12[5] -1 46[1] 22[9] -1 45[8] -1 -2 SUtility:23
43[1] -1 34[10] 3[9] 48[1] 47[6] 47[4] 19[10] -1 -2 SUtility:41
21[8] 15[9] 39[3] 4[6] -1 15[1] -1 21[9] -1 13[1] -1 -2 SUtility:37
13[9] 8[8] 32[2] -1 14[9] 45[4] -1 42[3] -1 13[4] 39[8] 15[2] 42[1] 40[9] 24[3] -1 -2 SUtility:62
48[3] 24[7] 39[9] -1 26[9] 15[6] 35[2] 35[8] -1 -2 SUtility:44
9[1] 3[10] -1 21[10] -1 15[7] -1 1[8] 5[5] -1 12[1] -1 6[8] -1 24[2] 20[5] -1 24[4] -1 -2 SUtility:61
14[8] 47[1] -1 18[4] -1 36[2] 31[5] -1 5[9] 41[2] 8[4] 3[1] -1 33[5] -1 22[1] -1 -2 SUtility:42
4[6] -1 15[9] 1[1] -1 13[3] 23[3] -1 43[2] -1 -2 SUtility:24
17[3] 33[3] -1 24[10] 42[3] -1 -2 SUtility:19
31[6] 41[1] -1 45[3] 25[1] -1 40[8] -1 44[10] 37[9] 50[9] 21[1] 20[8] -1 30[5] -1 15[7] -1 -2 SUtility:68
35[6] 30[1] 34[10] 4[10] 16[3] -1 33[10] -1 13[6] 34[4] 47[9] 18[10] -1 -2 SUtility:69
33[1] 34[10] -1 37[7] 24[5] -1 35[1] 10[7] 34[6] 33[9] -1 23[10] -1 -2 SUtility:56
6[5] 4[5] 23[10] 3[1] 34[8] 2[1] -1 26[7] 33[3] -1 -2 SUtility:40
34[2] 50[1] -1 18[9] -1 -2 SUtility:12
39[1] 44[2] 28[10] 9[6] 2[10] -1 -2 SUtility:29
34[1] 10[8] 22[9] 31[3] 13[5] 33[6] -1 -2 SUtility:32
24[10] 30[4] 42[7] -1 32[3] -1 -2 SUtility:24
26[3] 3[2] 50[4] -1 36[8] 6[4] 29[3] -1 27[3] -1 50[6] 32[8] -1 42[4] 31[6] -1 -2 SUtility:51
4[1] 1[9] 5[10] 2[2] -1 2[7] 24[5] -1 25[9] -1 17[1] -1 31[7] 18[9] -1 41[10] 20[4] -1 -2 SUtility:74
33[9] 37[5] 27[1] 46[8] 21[6] -1 -2 SUtility:29
33[7] 2[8] 41[3] 29[6] -1 4[9] 38[5] 23[9] 17[7] -1 20[7] 10[3] -1 -2 SUtility:64
25[5] 30[3] 24[4] 30[9] 25[4] 47[10] -1 -2 SUtility:35
42[7] 43[10] 3[8] 12[10] -1 -2 SUtility:35
24[5] -1 2[1] 23[8] 21[3] 41[10] -1 50[3] 25[1] 39[6] 31[6] 15[1] 2[4] -1 -2 SUtility:48
39[3] 3[4] 11[7] 1[7] -1 32[2] 5[8] -1 -2 SUtility:31
20[9] 49[6] -1 38[1] 33[2] -1 46[8] 36[6] -1 -2 SUtility:32
5[3] 5[4] 17[7] 2[7] 48[2] 29[1] -1 39[4] -1 13[4] -1 17[3] -1 -2 SUtility:35
14[1] -1 8[8] 6[2] 21[2] 33[4] 16[7] 17[8] -1 -2 SUtility:32
33[9] 50[7] 31[4] 5[9] 28[6] -1 -2 SUtility:35
36[10] 10[3] -1 29[7] 18[4] 27[8] 12[1] -1 44[3] 14[10] -1 -2 SUtility:46
45[10] 39[5] 9[2] 31[3] 46[6] -1 15[9] 38[10] 24[9] -1 -2 SUtility:54
10[3] 40[9] 7[4] 49[5] 38[3] 28[2] -1 5[9] 22[6] 45[6] -1 -2 SUtility:47
9[9] 24[8] 38[10] 42[3] 20[8] 26[4] -1 33[4] 41[7] -1 22[4] 8[8] -1 27[8] -1 -2 SUtility:73
33[10] 46[3] 30[2] 31[7] 2[8] -1 1[3] 34[3] 2[9] -1 -2 SUtility:45
36[2] 18[2] 16[6] 22[3] 34[9] 44[5] -1 47[2] 10[9] -1 39[4] -1 -2 SUtility:42
28[7] 15[1] 1[3] -1 12[9] 18[7] 17[10] 33[1] -1 15[8] 22[8] -1 3[6] 32[6] 32[8] -1 -2 SUtility:74
26[9] 3[4] -1 29[1] 32[6] 15[4] -1 41[8] 10[9] 34[8] 42[7] 10[10] 26[5] 8[2] -1 -2 SUtility:73
27[9] 24[2] 24[4] -1 16[6] -1 17[6] 45[2] -1 -2 SUtility:29
29[7] -1 16[9] 24[5] 9[6] -1 -2 SUtility:27
18[7] 2[8] 17[10] 44[3] 42[4] 31[7] -1 21[6] 2[10] 5[10] 4[7] 38[9] 35[9] -1 -2 SUtility:90
15[2] 13[4] 30[2] -1 -2 SUtility:8
11[10] 30[3] -1 33[2] 18[4] -1 6[8] -1 28[1] -1 -2 SUtility:28
29[10] 24[9] 5[6] 23[9] 45[10] -1 10[9] -1 25[3] 21[3] 16[4] -1 -2 SUtility:63
33[5] 20[5] 23[6] -1 46[6] 12[5] -1 16[9] -1 -2 SUtility:36
1[2] -1 28[8] 3[9] -1 47[7] -1 16[8] -1 4[3] 50[8] 34[2] -1 26[9] 32[1] 13[8] -1 35[4] -1 -2 SUtility:69
42[8] -1 41[10] -1 33[8] 7[4] 22[10] 47[1] -1 25[10] -1 -2 SUtility:51
33[1] 27[8] -1 16[4] 44[7] 25[8] 43[8] -1 1[2] 18[4] 20[3] 16[7] -1 -2 SUtility:52
19[3] -1 21[8] 41[2] 14[6] 27[4] -1 -2 SUtility:23
50[4] 43[2] -1 3[5] 4[9] 50[3] -1 44[10] -1 -2 SUtility:33
1[9] 37[7] 33[4] -1 49[5] -1 32[7] 17[2] 37[3] -1 -2 SUtility:37
41[7] 4[2] 5[7] 16[8] -1 45[5] 20[7] 9[1] -1 -2 SUtility:37
13[10] -1 32[3] -1 33[3] -1 -2 SUtility:16
11[8] -1 3[3] -1 31[7] 20[2] -1 10[10] 4[2] 44[2] -1 21[7] 29[6] 5[10] 36[2] -1 6[9] -1 -2 SUtility:68
30[1] -1 7[4] -1 1[6] 4[9] 8[6] -1 -2 SUtility:26
27[7] -1 12[7] -1 31[10] 46[9] -1 7[9] 30[2] -1 13[4] -1 50[9] 16[9] 36[10] 23[8] -1 -2 SUtility:84
14[10] 44[8] 43[1] -1 39[10] 23[1] -1 36[3] -1 -2 SUtility:33
31[5] 18[8] 36[7] 12[5] 33[6] 2[4] -1 43[4] 29[2] -1 -2 SUtility:41